40 <- 80 -> 100
20 <- 40 -> 60
10 <- 20 -> 30
. <- 10 -> .
. <- 30 -> .
50 <- 60 -> 70
. <- 50 -> .
. <- 70 -> .
90 <- 100 -> 120
. <- 90 -> .
110 <- 120 -> 130
. <- 110 -> .
. <- 130 -> 140
. <- 140 -> 150
. <- 150 -> .

